1 4 5 3 7 6 19 2 9 16 11 33 45 22 8 99 45 56 71 29 
1 4 5 3 7 6 8 2 9 11 16 33 45 22 19 99 45 56 71 29 
1 4 5 3 2 6 8 7 9 11 16 33 45 22 19 99 45 56 71 29 
1 4 2 3 5 6 8 7 9 11 16 33 45 22 19 99 45 56 71 29 
1 3 2 4 5 6 8 7 9 11 16 33 45 22 19 99 45 56 71 29 
1 2 3 4 5 6 8 7 9 11 16 33 45 22 19 99 45 56 71 29 
1 2 3 4 5 6 8 7 9 11 16 33 45 22 19 99 45 56 71 29 
1 2 3 4 5 6 8 7 9 11 16 33 45 22 19 99 45 56 71 29 
1 2 3 4 5 6 7 8 9 11 16 33 45 22 19 99 45 56 71 29 
1 2 3 4 5 6 7 8 9 11 16 33 45 22 19 99 45 56 71 29 
1 2 3 4 5 6 7 8 9 11 16 33 45 22 19 99 45 56 71 29 
1 2 3 4 5 6 7 8 9 11 16 19 45 22 33 99 45 56 71 29 
1 2 3 4 5 6 7 8 9 11 16 19 45 22 33 99 45 56 71 29 
1 2 3 4 5 6 7 8 9 11 16 19 45 22 33 29 45 56 71 99 
1 2 3 4 5 6 7 8 9 11 16 19 29 22 33 45 45 56 71 99 
1 2 3 4 5 6 7 8 9 11 16 19 22 29 33 45 45 56 71 99 
1 2 3 4 5 6 7 8 9 11 16 19 22 29 33 45 45 56 71 99 
1 2 3 4 5 6 7 8 9 11 16 19 22 29 33 45 45 56 71 99 
1 2 3 4 5 6 7 8 9 11 16 19 22 29 33 45 45 56 71 99 
1 2 3 4 5 6 7 8 9 11 16 19 22 29 33 45 45 56 71 99 
