1 4 5 3 7 6 19 2 12 16 11 33 45 94 8 13 45 56 17 29 
1 4 5 3 7 6 13 2 12 8 11 33 45 94 16 19 45 56 17 29 
1 4 5 3 2 6 13 7 12 8 11 33 45 94 16 19 45 56 17 29 
1 4 2 3 5 6 13 7 12 8 11 33 45 94 16 19 45 56 17 29 
1 3 2 4 5 6 13 7 12 8 11 33 45 94 16 19 45 56 17 29 
1 2 3 4 5 6 13 7 12 8 11 33 45 94 16 19 45 56 17 29 
1 2 3 4 5 6 13 7 12 8 11 33 45 94 16 19 45 56 17 29 
1 2 3 4 5 6 13 7 12 8 11 33 45 94 16 19 45 56 17 29 
1 2 3 4 5 6 11 7 8 12 13 33 45 94 16 19 45 56 17 29 
1 2 3 4 5 6 7 11 8 12 13 33 45 94 16 19 45 56 17 29 
1 2 3 4 5 6 7 8 11 12 13 33 45 94 16 19 45 56 17 29 
1 2 3 4 5 6 7 8 11 12 13 33 45 94 16 19 45 56 17 29 
1 2 3 4 5 6 7 8 11 12 13 17 19 16 94 45 45 56 33 29 
1 2 3 4 5 6 7 8 11 12 13 17 16 19 94 45 45 56 33 29 
1 2 3 4 5 6 7 8 11 12 13 16 17 19 94 45 45 56 33 29 
1 2 3 4 5 6 7 8 11 12 13 16 17 19 29 33 45 56 45 94 
1 2 3 4 5 6 7 8 11 12 13 16 17 19 29 33 45 56 45 94 
1 2 3 4 5 6 7 8 11 12 13 16 17 19 29 33 45 56 45 94 
1 2 3 4 5 6 7 8 11 12 13 16 17 19 29 33 45 45 56 94 
